0
============minimum time=============
673.8019829632732



Sorted Workfaces: 1 2 3 4 6 5 7 8 9 10 11 12 13 14 15 16 20 19 18 17 
Machine 0 =01=====.=02=====.=03======.=04=====..=06=====.=05======.=07======.=08=====.=09=====..=10=================.=11======.=12======.=13===================.=14======.....=15================================.=16======..=20=============.=19=====.=18==========================================.=17======
Machine 1         =01====.*=02===.***=03====.*=04====.**=06====.**=05====.**=07====.*=08====.*=09====.**************=10================.=11====.=12====.*******=13================.=14====...********************=15====================.=16====.=20=================.=19====.**********************=18==========================.=17====
Machine 2                =01====.=02====.***=03===.**=04===..**=06====.**=05====.**=07====.*=08===.**=09====..*************************=10==========.=11===.=12====.**************=13===========.=14====....****************************=15==========================.=16====.=20======================.=19====.*****************=18======================.=17====
Machine 3                       =01====.=02====.**=03====.*=04====.***=06====.**=05====.**=07====.=08====.**=09====.********************************=10==============.=11====.=12====.**********=13==============.=14====...*****************************************=15============================.=16====.=20=========================.=19====.********=18======================.=17====
Machine 4                              =01=======.=02=======.=03=======.=04=======..=06=======.=05=======.=07=======.=08=======.=09=======..*************************=10================================.=11=======.=12=======.=13================================.=14=======....*******************=15==================================.=16=======.=20==============.=19=======.*=18=========.=17=======
Machine 5                                        =01==.*****=02==.*****=03==.*****=04===..****=06==.*****=05==.*****=07==.*****=08==.*****=09==..*******************************************************=10=====.**=11==.*****=12==.******************************=13=====.**=14==.....**************************************************=15==================.=16==..=20=============.=19==.**=18=============.=17==

1
============minimum time=============
673.8019829632732

1 2 3 4 6 5 7 8 9 10 11 12 13 14 
15 16 20 19 18 17 
Sorted Workfaces: 1 2 3 4 6 5 7 8 9 10 11 12 13 14 15 16 20 19 18 17 
Machine 0 =01=====.=02=====.=03======.=04=====..=06=====.=05======.=07======.=08=====.=09=====..=10=================.=11======.=12======.=13===================.=14======.....=15================================.=16======..=20=============.=19=====.=18==========================================.=17======
Machine 1         =01====.*=02===.***=03====.*=04====.**=06====.**=05====.**=07====.*=08====.*=09====.**************=10================.=11====.=12====.*******=13================.=14====...********************=15====================.=16====.=20=================.=19====.**********************=18==========================.=17====
Machine 2                =01====.=02====.***=03===.**=04===..**=06====.**=05====.**=07====.*=08===.**=09====..*************************=10==========.=11===.=12====.**************=13===========.=14====....****************************=15==========================.=16====.=20======================.=19====.*****************=18======================.=17====
Machine 3                       =01====.=02====.**=03====.*=04====.***=06====.**=05====.**=07====.=08====.**=09====.********************************=10==============.=11====.=12====.**********=13==============.=14====...*****************************************=15============================.=16====.=20=========================.=19====.********=18======================.=17====
Machine 4                              =01=======.=02=======.=03=======.=04=======..=06=======.=05=======.=07=======.=08=======.=09=======..*************************=10================================.=11=======.=12=======.=13================================.=14=======....*******************=15==================================.=16=======.=20==============.=19=======.*=18=========.=17=======
Machine 5                                        =01==.*****=02==.*****=03==.*****=04===..****=06==.*****=05==.*****=07==.*****=08==.*****=09==..*******************************************************=10=====.**=11==.*****=12==.******************************=13=====.**=14==.....**************************************************=15==================.=16==..=20=============.=19==.**=18=============.=17==  

2
============minimum time=============
677.8019829632732

1 2 3 6 5 4 9 8 7 11 10 12 13 14 
15 16 20 19 18 17 
Sorted Workfaces: 1 2 3 6 5 4 9 8 7 11 10 12 13 14 15 16 20 19 18 17 
Machine 0 =01=====.=02=====.=03======..=06=====.=05======..=04=====..=09=====.=08=====.=07======..=11======.=10=================.=12======.=13===================.=14======.....=15================================.=16======..=20=============.=19=====.=18==========================================.=17======
Machine 1         =01====.*=02===.***=03====.**=06====.**=05====.**=04====.**=09====.*=08====.**=07====.***=11====.*************=10================.=12====.*****=13================.=14====...********************=15====================.=16====.=20=================.=19====.**********************=18==========================.=17====
Machine 2                =01====.=02====.***=03===..**=06====.**=05====..*=04===.***=09====.*=08===.***=07====.***=11===.**************************=10==========.=12====.***********=13===========.=14====....****************************=15==========================.=16====.=20======================.=19====.*****************=18======================.=17====
Machine 3                       =01====.=02====.**=03====.***=06====.**=05====.*=04====.***=09====.=08====.***=07====.**=11====.********************************=10==============.=12====.********=13==============.=14====...*****************************************=15============================.=16====.=20=========================.=19====.********=18======================.=17====
Machine 4                              =01=======.=02=======.=03=======..=06=======.=05=======..=04=======.=09=======.=08=======.=07=======.=11=======.**************************=10================================.=12=======.=13================================.=14=======....********************=15==================================.=16=======.=20==============.=19=======.*=18=========.=17=======
Machine 5                                        =01==.*****=02==.*****=03==..*****=06==.*****=05==..*****=04===..***=09==.*****=08==.*****=07==..****=11==.********************************************************=10=====.**=12==.******************************=13=====.**=14==.....***************************************************=15==================.=16==..=20=============.=19==.**=18=============.=17==

3
============minimum time=============
676.8876972489875

1 2 3 5 6 7 4 8 9 11 10 12 13 14 
15 16 20 17 18 19 
Sorted Workfaces: 1 2 3 5 6 7 4 8 9 11 10 12 13 14 15 16 20 17 18 19 
Machine 0 =01=====.=02=====.=03======..=05======.=06=====.=07======.=04=====.=08=====.=09=====..=11======.=10=================.=12======.=13===================.=14======.....=15================================.=16======..=20=============.=17======.=18==========================================.=19=====
Machine 1         =01====.*=02===.***=03====.***=05====.*=06====.**=07====.*=04====.*=08====.*=09====.***=11====.*************=10================.=12====.*****=13================.=14====...********************=15====================.=16====.=20=================.=17====.***********************=18==========================.=19====
Machine 2                =01====.=02====.***=03===..***=05====.*=06====.**=07====.*=04===.**=08===.**=09====.***=11===.**************************=10==========.=12====.***********=13===========.=14====....****************************=15==========================.=16====.=20======================.=17====.******************=18======================.=19====
Machine 3                       =01====.=02====.**=03====.****=05====.*=06====.**=07====.=04====.*=08====.**=09====.**=11====.********************************=10==============.=12====.********=13==============.=14====...*****************************************=15============================.=16====.=20=========================.=17====.*********=18======================.=19====
Machine 4                              =01=======.=02=======.=03=======..=05=======.=06=======.=07=======.=04=======.=08=======.=09=======.=11=======.*************************=10================================.=12=======.=13================================.=14=======....********************=15==================================.=16=======.=20==============.=17=======.**=18=========.=19=======
Machine 5                                        =01==.*****=02==.*****=03==..*****=05==.*****=06==.*****=07==.*****=04===.****=08==.*****=09==..****=11==.*******************************************************=10=====.**=12==.******************************=13=====.**=14==.....***************************************************=15==================.=16==..=20=============.=17==.***=18=============.=19== 


0 - 673.8019829632732	(((1,3,2),((5,6),((8,9),7,((11,12),10)),4),(13,14)),((15,16),((17,18),(19,20)))) 
                           1 2 3   [4 6 5 7 8 9     10 11 12](317.448) 13 14     15 16    20 19 18 17  

1 - 673.8019829632732	(((1,3,2),((5,6),((8,9),7,(11,12,10)),4),(13,14)),((15,16),((17,18),(19,20))))     11, 12
			   1 2 3   [4 6 5 7 8 9    10 11 12](317.448)  13 14     15 16    20 19 18 17(331.38)		

2 - 677.8019829632732	(((1,3,2),((5,6),(8,9,7,11,12,10),4),(13,14)),((15,16),((17,18),(19,20))))	   11, 12 -> 8, 9      11, 12, 10
                           1 2 3   [6 5   4 9 8 7 11 10 12](315.68)    13 14     15 16    20 19 18 17(331.38)(339)         3 --> 6 is farther than 3 --> 4 

3 - 676.8876972489875	(((1,3,2),(5,6,8,9,7,11,12,10,4),(13,14)),((15,16),(17,18,19,20)))                 11, 12 -> 8, 9      11, 12, 10 -> 5, 6     17, 18     19, 20
                           1 2 3  [5 6    7 4 8 9 11 10 12]()   13 14     15 16   20 17 18 19(334.4)                 3 --> 5 is farther than 3 --> 6
For 3rd:
===================Print out workface time info for each permutation================
cur matrix: 
28.571428571428573	36.36363636363637	46.666666666666664	51.61290322580645	30.0			27.77777777777778	
14.942857142857143	10.882575757575758	10.5			10.673387096774194	18.1			8.68888888888889	
86.11428571428571	54.79545454545455	47.0			45.41129032258065	20.333333333333332	28.177777777777777	
15.057142857142857	11.132575757575758	11.033333333333333	10.987903225806452	18.133333333333333	9.088888888888889	
curPermList: 
20 
17 
18 
19


*****************************************************************************sortworkfaces_new1*****************************************************************************

0 - 673.8019829632732	(((1,3,2),((5,6),((8,9),7,((11,12),10)),4),(13,14)),((15,16),((17,18),(19,20)))) ----- 10 11 12(228.97)
                           1 2 3    4 6 5 7 8 9 10 11 12(317.44)    13 14     15 16    20 19 18 17
                                                         317.44827072569007->3
									 442.0339850114044-0
1 - 673.8019829632733	(((1,3,2),((5,6),((8,9),7,(11,12,10)),4),(  13,14)),((15,16),((17,18),(19,20)))) ----- 11 10 12(226.40)
    673.8019829632733      1 2 3    4 6 5 7 8 9 11 10 12            13 14     15 16    20 19 18 17             9 -> 10 farther than 9 -> 11
                                    314.08160405902345
									 438.6673183447378-1
2 - 677.8019829632731	(((1,3,2),((5,6),(8,9,7,11,12,10),4),(      13,14)),((15,16),((17,18),(19,20))))
                           1 2 3    6 5 4 9 8 7 12 10 11(315.11)    13 14     15 16    20 19 18 17(331.38)sortworkfaces_new1
3 - 674.3935204580366	(((1,3,2),( 5,6,8,9,7,11,12,10,4),(         13,14)),((15,16),( 17,18,19,20)))
                           1 2 3    5 6 7 4 8 9 12 10 11(312.51)    13 14     15 16    20 18 17 19(326.61)sortworkfaces_new1 332.86(for 20 17 18 19)
									 440.3625564399758
0

Sorted Workfaces: 1 2 3 4 6 5 7 8 9 10 11 12 13 14 15 16 20 19 18 17 
Machine 0 =01=====.=02=====.=03======.=04=====..=06=====.=05======.=07======.=08=====.=09=====..=10=================.=11======.=12======.=13===================.=14======.....=15================================.=16======..=20=============.=19=====.=18==========================================.=17======
Machine 1         =01====.*=02===.***=03====.*=04====.**=06====.**=05====.**=07====.*=08====.*=09====.**************=10================.=11====.=12====.*******=13================.=14====...********************=15====================.=16====.=20=================.=19====.**********************=18==========================.=17====
Machine 2                =01====.=02====.***=03===.**=04===..**=06====.**=05====.**=07====.*=08===.**=09====..*************************=10==========.=11===.=12====.**************=13===========.=14====....****************************=15==========================.=16====.=20======================.=19====.*****************=18======================.=17====
Machine 3                       =01====.=02====.**=03====.*=04====.***=06====.**=05====.**=07====.=08====.**=09====.********************************=10==============.=11====.=12====.**********=13==============.=14====...*****************************************=15============================.=16====.=20=========================.=19====.********=18======================.=17====
Machine 4                              =01=======.=02=======.=03=======.=04=======..=06=======.=05=======.=07=======.=08=======.=09=======..*************************=10================================.=11=======.=12=======.=13================================.=14=======....*******************=15==================================.=16=======.=20==============.=19=======.*=18=========.=17=======
Machine 5                                        =01==.*****=02==.*****=03==.*****=04===..****=06==.*****=05==.*****=07==.*****=08==.*****=09==..*******************************************************=10=====.**=11==.*****=12==.******************************=13=====.**=14==.....**************************************************=15==================.=16==..=20=============.=19==.**=18=============.=17==  

1

Sorted Workfaces: 1 2 3 4 6 5 7 8 9 11 10 12 13 14 15 16 20 19 18 17 
Machine 0 =01=====.=02=====.=03======.=04=====..=06=====.=05======.=07======.=08=====.=09=====..=11======.=10=================.=12======.=13===================.=14======.....=15================================.=16======..=20=============.=19=====.=18==========================================.=17======
Machine 1         =01====.*=02===.***=03====.*=04====.**=06====.**=05====.**=07====.*=08====.*=09====.***=11====.*************=10================.=12====.*****=13================.=14====...********************=15====================.=16====.=20=================.=19====.**********************=18==========================.=17====
Machine 2                =01====.=02====.***=03===.**=04===..**=06====.**=05====.**=07====.*=08===.**=09====.***=11===.**************************=10==========.=12====.***********=13===========.=14====....****************************=15==========================.=16====.=20======================.=19====.*****************=18======================.=17====
Machine 3                       =01====.=02====.**=03====.*=04====.***=06====.**=05====.**=07====.=08====.**=09====.**=11====.********************************=10==============.=12====.********=13==============.=14====...*****************************************=15============================.=16====.=20=========================.=19====.********=18======================.=17====
Machine 4                              =01=======.=02=======.=03=======.=04=======..=06=======.=05=======.=07=======.=08=======.=09=======.=11=======.*************************=10================================.=12=======.=13================================.=14=======....********************=15==================================.=16=======.=20==============.=19=======.*=18=========.=17=======
Machine 5                                        =01==.*****=02==.*****=03==.*****=04===..****=06==.*****=05==.*****=07==.*****=08==.*****=09==..****=11==.*******************************************************=10=====.**=12==.******************************=13=====.**=14==.....***************************************************=15==================.=16==..=20=============.=19==.**=18=============.=17==    

2

Sorted Workfaces: 1 2 3 6 5 4 9 8 7 12 10 11 13 14 15 16 20 19 18 17 
Machine 0 =01=====.=02=====.=03======..=06=====.=05======..=04=====..=09=====.=08=====.=07======.=12======.=10=================.=11======..=13===================.=14======.....=15================================.=16======..=20=============.=19=====.=18==========================================.=17======
Machine 1         =01====.*=02===.***=03====.**=06====.**=05====.**=04====.**=09====.*=08====.**=07====.**=12====.*************=10================.=11====.******=13================.=14====...********************=15====================.=16====.=20=================.=19====.**********************=18==========================.=17====
Machine 2                =01====.=02====.***=03===..**=06====.**=05====..*=04===.***=09====.*=08===.***=07====.**=12====.*************************=10==========.=11===.*************=13===========.=14====....****************************=15==========================.=16====.=20======================.=19====.*****************=18======================.=17====
Machine 3                       =01====.=02====.**=03====.***=06====.**=05====.*=04====.***=09====.=08====.***=07====.**=12====.*******************************=10==============.=11====.*********=13==============.=14====...*****************************************=15============================.=16====.=20=========================.=19====.********=18======================.=17====
Machine 4                              =01=======.=02=======.=03=======..=06=======.=05=======..=04=======.=09=======.=08=======.=07=======.=12=======.*************************=10================================.=11=======.=13================================.=14=======....*********************=15==================================.=16=======.=20==============.=19=======.*=18=========.=17=======
Machine 5                                        =01==.*****=02==.*****=03==..*****=06==.*****=05==..*****=04===..***=09==.*****=08==.*****=07==.*****=12==.*******************************************************=10=====.**=11==..*****************************=13=====.**=14==.....****************************************************=15==================.=16==..=20=============.=19==.**=18=============.=17==

3 in total: 6 min 30 sec

Sorted Workfaces: 1 2 3 5 6 7 4 8 9 12 10 11 13 14 15 16 20 18 17 19 
Machine 0 =01=====.=02=====.=03======..=05======.=06=====.=07======.=04=====.=08=====.=09=====.=12======.=10=================.=11======..=13===================.=14======.....=15================================.=16======..=20=============.=18==========================================.=17======.=19=====
Machine 1         =01====.*=02===.***=03====.***=05====.*=06====.**=07====.*=04====.*=08====.*=09====.**=12====.*************=10================.=11====.******=13================.=14====...********************=15====================.=16====.=20=================.*********************=18==========================.=17====.=19====
Machine 2                =01====.=02====.***=03===..***=05====.*=06====.**=07====.*=04===.**=08===.**=09====.**=12====.*************************=10==========.=11===.*************=13===========.=14====....****************************=15==========================.=16====.=20======================.****************=18======================.=17====.=19====
Machine 3                       =01====.=02====.**=03====.****=05====.*=06====.**=07====.=04====.*=08====.**=09====.**=12====.*******************************=10==============.=11====.*********=13==============.=14====...*****************************************=15============================.=16====.=20=========================.*******=18======================.=17====.=19====
Machine 4                              =01=======.=02=======.=03=======..=05=======.=06=======.=07=======.=04=======.=08=======.=09=======.=12=======.************************=10================================.=11=======.=13================================.=14=======....*********************=15==================================.=16=======.=20==============.***=18=========.=17=======.=19=======
Machine 5                                        =01==.*****=02==.*****=03==..*****=05==.*****=06==.*****=07==.*****=04===.****=08==.*****=09==.*****=12==.******************************************************=10=====.**=11==..*****************************=13=====.**=14==.....****************************************************=15==================.=16==..=20=============.=18=============.=17==.=19==        






1
=======Workface Sequence based on distance sorting(processed-exclude parenthesis)========
(((1,3,2),((5,6),((8,9),7,(11,12,10)),4),(13,14)),((15,16),((17,18),(19,20))))
11 10 12 7 8 9 	time: 280.0831913606107
11 10 12 8 9 7 	time: 280.3054135828329
7 11 10 12 8 9 	time: 277.71176278918216
7 8 9 11 10 12 	time: 270.7577945352139
8 9 7 11 10 12 	time: 271.55779453521393
8 9 11 10 12 7 	time: 274.52922310664246
============minimum time=============
270.7577945352139	7 8 9 11 10 12
274.12446120188054	7 8 9 10 11 12-0

7 
8 9 
11 10 12 
4 7 8 9 11 10 12 6 5 	time: 319.9196992971187
4 6 5 7 8 9 11 10 12 	time: 314.08160405902345
7 8 9 11 10 12 4 6 5 	time: 325.32446120188064
7 8 9 11 10 12 6 5 4 	time: 326.8244612018807
6 5 7 8 9 11 10 12 4 	time: 318.5196992971186
6 5 4 7 8 9 11 10 12 	time: 314.0816040590235
============minimum time=============
314.08160405902345	4 6 5 7 8 9 11 10 12
317.44827072569007-0	4 6 5 7 8 9 10 11 12

4 
6 5 
7 8 9 11 10 12 
13 14 4 6 5 7 8 9 11 10 12 1 2 3 	time: 484.4336917562725
13 14 1 2 3 4 6 5 7 8 9 11 10 12 	time: 483.4336917562725
4 6 5 7 8 9 11 10 12 13 14 1 2 3 	time: 453.04827072569003
4 6 5 7 8 9 11 10 12 1 2 3 13 14 	time: 454.8816040590234
1 2 3 4 6 5 7 8 9 11 10 12 13 14 	time: 438.6673183447378
1 2 3 13 14 4 6 5 7 8 9 11 10 12 	time: 475.01940604198677
============minimum time=============
438.6673183447378
442.0339850114044 - 0

1 2 3 
4 6 5 7 8 9 11 10 12 
13 14 

1 2 3 
4 6 5 7 8 9 10 11 12 
13 14 - 0




20 19 18 17 	time: 331.38293534422564
18 17 20 19 	time: 361.3059768188801
============minimum time=============
331.38293534422564

20 19 
18 17 
20 19 18 17 15 16 	time: 482.0966950612111
15 16 20 19 18 17 	time: 414.89722105851143
============minimum time=============
414.89722105851143
414.89722105851143-0

15 16 
20 19 18 17 
15 16 20 19 18 17 1 2 3 4 6 5 7 8 9 11 10 12 13 14 	time: 755.3749988362895
1 2 3 4 6 5 7 8 9 11 10 12 13 14 15 16 20 19 18 17 	time: 673.8019829632733
1 2 3 4 6 5 7 8 9 10 11 12 13 14 15 16 20 19 18 17 - 0
============minimum time=============
673.8019829632733

1 2 3 4 6 5 7 8 9 11 10 12 13 14 
15 16 20 19 18 17 

*********************************************************************************

0
=======Workface Sequence based on distance sorting(processed-exclude parenthesis)========
(((1,3,2),((5,6),((8,9),7,((11,12),10)),4),(13,14)),((15,16),((17,18),(19,20))))
10 11 12 	time: 228.97208024949958
11 12 10 	time: 229.00065167807105
============minimum time=============
228.97208024949958

10 
11 12 
10 11 12 7 8 9 	time: 282.6498580272774
10 11 12 8 9 7 	time: 282.8720802494997
7 10 11 12 8 9 	time: 281.0784294558488
7 8 9 10 11 12 	time: 274.12446120188054
8 9 7 10 11 12 	time: 274.9244612018805
8 9 10 11 12 7 	time: 277.8958897733091
============minimum time=============
274.12446120188054

7 
8 9 
10 11 12 
4 7 8 9 10 11 12 6 5 	time: 323.28636596378533
4 6 5 7 8 9 10 11 12 	time: 317.44827072569007
7 8 9 10 11 12 4 6 5 	time: 328.69112786854726
7 8 9 10 11 12 6 5 4 	time: 330.1911278685473
6 5 7 8 9 10 11 12 4 	time: 321.88636596378524
6 5 4 7 8 9 10 11 12 	time: 317.4482707256901
============minimum time=============
317.44827072569007

4 
6 5 
7 8 9 10 11 12 
13 14 4 6 5 7 8 9 10 11 12 1 2 3 	time: 484.4336917562724
13 14 1 2 3 4 6 5 7 8 9 10 11 12 	time: 483.43369175627254
4 6 5 7 8 9 10 11 12 13 14 1 2 3 	time: 456.41493739235665
4 6 5 7 8 9 10 11 12 1 2 3 13 14 	time: 458.24827072569
1 2 3 4 6 5 7 8 9 10 11 12 13 14 	time: 442.0339850114044
1 2 3 13 14 4 6 5 7 8 9 10 11 12 	time: 475.0194060419867
============minimum time=============
442.0339850114044

1 2 3 
4 6 5 7 8 9 10 11 12 
13 14 

20 19 18 17 	time: 331.38293534422564
18 17 20 19 	time: 361.3059768188801
============minimum time=============
331.38293534422564

20 19 
18 17 
20 19 18 17 15 16 	time: 482.0966950612111
15 16 20 19 18 17 	time: 414.89722105851143
============minimum time=============
414.89722105851143

15 16 
20 19 18 17 
15 16 20 19 18 17 1 2 3 4 6 5 7 8 9 10 11 12 13 14 	time: 755.3749988362895
1 2 3 4 6 5 7 8 9 10 11 12 13 14 15 16 20 19 18 17 	time: 673.8019829632732
============minimum time=============
673.8019829632732

1 2 3 4 6 5 7 8 9 10 11 12 13 14 
15 16 20 19 18 17 

















Sorted Workfaces: 1 2 3 4 6 5 7 8 9 10 11 12 13 14 15 16 20 19 18 17 
Machine 0 =01===========.=02============.=03=============.=04===========..=06============.=05=============.=07=============.=08============.=09============..=10===================================.=11=============.=12=============.=13========================================.=14=============.....=15==================================================================.=16=============..=20============================.=19============.=18=====================================================================================.=17=============
Machine 1               =01=========.***=02========.*****=03=========.**=04=========.****=06=========.****=05=========.****=07=========.***=08=========.***=09=========.***************************=10==================================.=11=========.=12=========.**************=13=================================.=14=========...***************************************=15==========================================.=16=========.=20====================================.=19=========.*******************************************=18======================================================.=17=========
Machine 2                           =01=========.**=02=========.*****=03========.***=04========..****=06=========.****=05=========.****=07=========.***=08========.****=09=========..***************************************************=10======================.=11========.=12=========.**************************=13========================.=14=========....********************************************************=15=====================================================.=16=========.=20==============================================.=19=========.**********************************=18==============================================.=17=========
Machine 3                                       =01=========.**=02=========.****=03=========.**=04=========.*****=06=========.****=05=========.****=07=========.**=08=========.****=09=========.*****************************************************************=10=============================.=11=========.=12=========.********************=13==============================.=14=========...********************************************************************************=15==========================================================.=16=========.=20===================================================.=19=========.*****************=18=============================================.=17=========
Machine 4                                                   =01================.=02================.=03================.=04================..=06================.=05================.=07================.=08================.=09================..***********************************************=10==================================================================.=11================.=12================.=13=================================================================.=14================....***********************************=15======================================================================.=16================.=20==============================.=19================.=18====================.=17================
Machine 5                                                                      =01======.**********=02======.**********=03======.**********=04=======..*********=06======.**********=05======.**********=07======.**********=08======.**********=09======..***********************************************************************************************************=10============.****=11======.**********=12======.***********************************************************=13============.****=14======.....**************************************************************************************************=15======================================.=16======..*=20===========================.=19======.***=18===========================.=17======
Sorted Workfaces: 1 2 3 4 6 5 7 8 9 11 10 12 13 14 15 16 20 19 18 17
                  1 2 3 5 6 7 4 8 9 12 10 11 13 14 15 16 20 18 17 19 
Machine 0 =01===========.=02============.=03=============.=04===========..=06============.=05=============.=07=============.=08============.=09============..=11=============.=10===================================.=12=============.=13========================================.=14=============.....=15==================================================================.=16=============..=20============================.=19============.=18=====================================================================================.=17=============
Machine 1               =01=========.***=02========.*****=03=========.**=04=========.****=06=========.****=05=========.****=07=========.***=08=========.***=09=========.*****=11=========.**************************=10==================================.=12=========.**********=13=================================.=14=========...***************************************=15==========================================.=16=========.=20====================================.=19=========.*******************************************=18======================================================.=17=========
Machine 2                           =01=========.**=02=========.*****=03========.***=04========..****=06=========.****=05=========.****=07=========.***=08========.****=09=========.*****=11========.****************************************************=10======================.=12=========.*********************=13========================.=14=========....********************************************************=15=====================================================.=16=========.=20==============================================.=19=========.**********************************=18==============================================.=17=========
Machine 3                                       =01=========.**=02=========.****=03=========.**=04=========.*****=06=========.****=05=========.****=07=========.**=08=========.****=09=========.****=11=========.*****************************************************************=10=============================.=12=========.****************=13==============================.=14=========...********************************************************************************=15==========================================================.=16=========.=20===================================================.=19=========.*****************=18=============================================.=17=========

Machine 4                                                   =01================.=02================.=03================.=04================..=06================.=05================.=07================.=08================.=09================.=11================.*********************************************=10==================================================================.=12================.=13=================================================================.=14================....**************************************=15======================================================================.=16================.=20==============================.=19================.=18====================.=17================
Machine 4                                                   =01================.=02================.=03================..=05================.=06================.=07================.=04================.=08================.=09================.=12================.********************************************=10==================================================================.=11================.=13=================================================================.=14================....***************************************=15======================================================================.=16================.=20==============================.***=18====================.=17================.=19================

Machine 5                                                                      =01======.**********=02======.**********=03======.**********=04=======..*********=06======.**********=05======.**********=07======.**********=08======.**********=09======..*********=11======.*********************************************************************************************************=10============.****=12======.***********************************************************=13============.****=14======.....*****************************************************************************************************=15======================================.=16======..*=20===========================.=19======.***=18===========================.=17======
Machine 5                                                                      =01======.**********=02======.**********=03======..**********=05======.**********=06======.**********=07======.**********=04=======.*********=08======.**********=09======.**********=12======.********************************************************************************************************=10============.****=11======..**********************************************************=13============.****=14======.....******************************************************************************************************=15======================================.=16======..*=20===========================.=18===========================.=17======.=19======


Sorted Workfaces: 1 2 3 6 5 4 9 8 7 12 10 11 13 14 15 16 20 19 18 17
Machine 0 =01===========.=02============.=03=============..=06============.=05=============..=04===========..=09============.=08============.=07=============.=12=============.=10===================================.=11=============..=13========================================.=14=============.....=15==================================================================.=16=============..=20============================.=19============.=18=====================================================================================.=17=============
Machine 1               =01=========.***=02========.*****=03=========.****=06=========.****=05=========.***=04=========.****=09=========.***=08=========.****=07=========.****=12=========.**************************=10==================================.=11=========.***********=13=================================.=14=========...***************************************=15==========================================.=16=========.=20====================================.=19=========.*******************************************=18======================================================.=17=========
Machine 2                           =01=========.**=02=========.*****=03========..****=06=========.****=05=========..**=04========.*****=09=========.***=08========.*****=07=========.****=12=========.***************************************************=10======================.=11========.***********************=13========================.=14=========....********************************************************=15=====================================================.=16=========.=20==============================================.=19=========.**********************************=18==============================================.=17=========
Machine 3                                       =01=========.**=02=========.****=03=========.*****=06=========.****=05=========.**=04=========.*****=09=========.**=08=========.*****=07=========.****=12=========.****************************************************************=10=============================.=11=========.*****************=13==============================.=14=========...********************************************************************************=15==========================================================.=16=========.=20===================================================.=19=========.*****************=18=============================================.=17=========
Machine 4                                                   =01================.=02================.=03================..=06================.=05================..=04================.=09================.=08================.=07================.=12================.*********************************************=10==================================================================.=11================.=13=================================================================.=14================....***************************************=15======================================================================.=16================.=20==============================.=19================.=18====================.=17================
Machine 5                                                                      =01======.**********=02======.**********=03======..**********=06======.**********=05======..**********=04=======..********=09======.**********=08======.**********=07======.**********=12======.*********************************************************************************************************=10============.****=11======..**********************************************************=13============.****=14======.....******************************************************************************************************=15======================================.=16======..*=20===========================.=19======.***=18===========================.=17======
Sorted Workfaces: 1 2 3 5 6 7 4 8 9 12 10 11 13 14 15 16 20 18 17 19 
Machine 0 =01===========.=02============.=03=============..=05=============.=06============.=07=============.=04===========.=08============.=09============.=12=============.=10===================================.=11=============..=13========================================.=14=============.....=15==================================================================.=16=============..=20============================.=18=====================================================================================.=17=============.=19============
Machine 1               =01=========.***=02========.*****=03=========.*****=05=========.***=06=========.****=07=========.**=04=========.***=08=========.***=09=========.****=12=========.**************************=10==================================.=11=========.***********=13=================================.=14=========...***************************************=15==========================================.=16=========.=20====================================.****************************************=18======================================================.=17=========.=19=========
Machine 2                           =01=========.**=02=========.*****=03========..*****=05=========.***=06=========.****=07=========.**=04========.****=08========.****=09=========.****=12=========.***************************************************=10======================.=11========.***********************=13========================.=14=========....********************************************************=15=====================================================.=16=========.=20==============================================.*******************************=18==============================================.=17=========.=19=========
Machine 3                                       =01=========.**=02=========.****=03=========.******=05=========.***=06=========.****=07=========.*=04=========.***=08=========.****=09=========.****=12=========.****************************************************************=10=============================.=11=========.*****************=13==============================.=14=========...********************************************************************************=15==========================================================.=16=========.=20===================================================.**************=18=============================================.=17=========.=19=========
Machine 4                                                   =01================.=02================.=03================..=05================.=06================.=07================.=04================.=08================.=09================.=12================.********************************************=10==================================================================.=11================.=13=================================================================.=14================....***************************************=15======================================================================.=16================.=20==============================.***=18====================.=17================.=19================
Machine 5                                                                      =01======.**********=02======.**********=03======..**********=05======.**********=06======.**********=07======.**********=04=======.*********=08======.**********=09======.**********=12======.********************************************************************************************************=10============.****=11======..**********************************************************=13============.****=14======.....******************************************************************************************************=15======================================.=16======..*=20===========================.=18===========================.=17======.=19======







1 2 3 4 6 5 7 8 9 11 10 12 13 14 15 16 20 19 18 17
1 2 3 5 6 7 4 8 9 12 10 11 13 14 15 16 20 18 17 19 

op time: 11.714285714285714 9.090909090909092 9.2 9.096774193548388 16.1 

last op/mv time: 6.5 0.6 6.666666666666667 0.6 6.777777777777778 2.0 7.277777777777778 3.6 6.833333333333333 0.2 6.611111111111111 2.0 6.944444444444445 1.6 6.666666666666667 0.8 6.722222222222222 3.0 6.777777777777778 0.8 12.777777777777779 1.4 6.944444444444445 2.4 12.777777777777779 0.4 6.777777777777778 9.6 38.888888888888886 0.4 6.833333333333333 3.4 27.77777777777778 0.6 6.888888888888889 2.2 27.77777777777778 0.4 6.888888888888889 
last op/mv time: 6.5 0.6 6.666666666666667 0.6 6.777777777777778 4.6 6.611111111111111 0.2 6.833333333333333 1.8 6.944444444444445 1.8 7.277777777777778 2.6 6.666666666666667 0.8 6.722222222222222 2.4 6.944444444444445 1.4 12.777777777777779 0.8 6.777777777777778 3.0 12.777777777777779 0.4 6.777777777777778 9.6 38.888888888888886 0.4 6.833333333333333 3.4 27.77777777777778 2.2 27.77777777777778 0.4 6.888888888888889 1.8 6.888888888888889 


last wait time: 9.599999999999994 9.633333333333326 9.188888888888897 8.722222222222229 9.133333333333354 9.855555555555554 9.288888888888891 9.799999999999983 9.47777777777776 107.209793790439 3.6888888888889255 57.655555555555566 3.7555555555555884 101.12620211329886 0.0 0.14444444444450255 0.0 2.2084625052364117 0.0 

1 2 3 5 6 7 4 8 9 12 10 11 13 14 15 16 20 18 17 19 
op time: 11.714285714285714 9.090909090909092 9.2 9.096774193548388 16.1 

last op/mv time: 6.5 0.6 6.666666666666667 0.6 6.777777777777778 4.6 6.611111111111111 0.2 6.833333333333333 1.8 6.944444444444445 1.8 7.277777777777778 2.6 6.666666666666667 0.8 6.722222222222222 2.4 6.944444444444445 1.4 12.777777777777779 0.8 6.777777777777778 3.0 12.777777777777779 0.4 6.777777777777778 9.6 38.888888888888886 0.4 6.833333333333333 3.4 27.77777777777778 2.2 27.77777777777778 0.4 6.888888888888889 1.8 6.888888888888889 
last wait time: 9.599999999999994 9.633333333333326 8.455555555555563 9.955555555555549 9.666666666666657 9.055555555555543 8.788888888888891 9.799999999999983 9.577777777777754 107.3050318856771 3.7888888888888914 57.72222222222223 3.7555555555555884 101.03096401806079 0.0 0.14444444444450255 0.0 0.0 0.0 



====================================================sortWorkfaces_new1============================================================

= for operating.
. for moving.
* for waiting.

673,8019829632732
673.8019829632733
677.8019829632731
674,3935204580366 (0.59 more than 0)



Sorted Workfaces: 1 2 3 4 6 5 7 8 9 10 11 12 13 14 15 16 20 19 18 17 
                  1 2 3 4 6 5 7 8 9 10 11 12 13 14 15 16 20 19 18 17
Machine 0 =01===========.=02============.=03=============...=04===========....=06============.=05=============...=07=============..=08============.=09============....=10===================================.=11=============.=12=============...=13========================================.=14=============..........=15==================================================================.=16=============....=20============================.=19============...=18=====================================================================================.=17=============
Machine 1               =01=========.***=02========.*****=03=========..***=04=========...****=06=========.****=05=========..*****=07=========..***=08=========.***=09=========...***************************=10==================================.=11=========.=12=========..***************=13=================================.=14=========.......****************************************=15==========================================.=16=========...=20====================================.=19=========..********************************************=18======================================================.=17=========
Machine 2                           =01=========.**=02=========.*****=03========..****=04========....****=06=========.****=05=========..*****=07=========..***=08========.****=09=========....***************************************************=10======================.=11========.=12=========...**************************=13========================.=14=========.........********************************************************=15=====================================================.=16=========...=20==============================================.=19=========..***********************************=18==============================================.=17=========
Machine 3                                       =01=========.**=02=========.****=03=========..***=04=========...*****=06=========.****=05=========..*****=07=========..**=08=========.****=09=========...*****************************************************************=10=============================.=11=========.=12=========..*********************=13==============================.=14=========.......*********************************************************************************=15==========================================================.=16=========...=20===================================================.=19=========..******************=18=============================================.=17=========
Machine 4                                                   =01================.=02================.=03================..=04================....=06================.=05================..=07================..=08================.=09================....*************************************************=10==================================================================.=11================.=12================...=13=================================================================.=14================.........***********************************=15======================================================================.=16================...=20==============================.=19================..=18====================.=17================

Machine 5                                                                      =01======.**********=02======.**********=03======...*********=04=======....*********=06======.**********=05======...*********=07======..**********=08======.**********=09======....*************************************************************************************************************=10============.****=11======.**********=12======...***********************************************************=13============.****=14======..........**************************************************************************************************=15======================================.=16======....*=20===========================.=19======...**=18===========================.=17======
Machine 5                                                                      =01======.**********=02======.**********=03======...*********=04=======....*********=06======.**********=05======...*********=07======..**********=08======.**********=09======....*********=11======.***********************************************************************************************************=10============..****=12======...***********************************************************=13============.****=14======..........*****************************************************************************************************=15======================================.=16======....*=20===========================.=19======...**=18===========================.=17======
Machine 5                                                                      =01======.**********=02======.**********=03======.....*********=06======.**********=05======....**********=04=======....********=09======.**********=08======..**********=07======...**********=12======..**********************************************************************************************************=10============.****=11======....**********************************************************=13============.****=14======..........******************************************************************************************************=15======================================.=16======....*=20===========================.=19======...**=18===========================.=17======
Machine 5                                                                      =01======.**********=02======.**********=03======.....*********=05======.**********=06======..**********=07======..**********=04=======...*********=08======.**********=09======...**********=12======..*********************************************************************************************************=10============.****=11======....**********************************************************=13============.****=14======..........******************************************************************************************************=15======================================.=16======....*=20===========================...=18===========================.=17======..=19======

Sorted Workfaces: 1 2 3 4 6 5 7 8 9 11 10 12 13 14 15 16 20 19 18 17
		  1 2 3 4 6 5 7 8 9 10 11 12 13 14 15 16 20 19 18 17 
Machine 0 =01===========.=02============.=03=============...=04===========....=06============.=05=============...=07=============..=08============.=09============....=11=============.=10===================================..=12=============...=13========================================.=14=============..........=15==================================================================.=16=============....=20============================.=19============...=18=====================================================================================.=17=============
Machine 1               =01=========.***=02========.*****=03=========..***=04=========...****=06=========.****=05=========..*****=07=========..***=08=========.***=09=========..******=11=========.**************************=10==================================.=12=========..************=13=================================.=14=========.......****************************************=15==========================================.=16=========...=20====================================.=19=========..********************************************=18======================================================.=17=========
Machine 2                           =01=========.**=02=========.*****=03========..****=04========....****=06=========.****=05=========..*****=07=========..***=08========.****=09=========...*****=11========.****************************************************=10======================..=12=========...*********************=13========================.=14=========.........********************************************************=15=====================================================.=16=========...=20==============================================.=19=========..***********************************=18==============================================.=17=========
Machine 3                                       =01=========.**=02=========.****=03=========..***=04=========...*****=06=========.****=05=========..*****=07=========..**=08=========.****=09=========..*****=11=========.*****************************************************************=10=============================.=12=========..******************=13==============================.=14=========.......*********************************************************************************=15==========================================================.=16=========...=20===================================================.=19=========..******************=18=============================================.=17=========
Machine 4                                                   =01================.=02================.=03================..=04================....=06================.=05================..=07================..=08================.=09================...=11================.***********************************************=10==================================================================..=12================...=13=================================================================.=14================.........**************************************=15======================================================================.=16================...=20==============================.=19================..=18====================.=17================
Machine 5                                                                      =01======.**********=02======.**********=03======...*********=04=======....*********=06======.**********=05======...*********=07======..**********=08======.**********=09======....*********=11======.***********************************************************************************************************=10============..****=12======...***********************************************************=13============.****=14======..........*****************************************************************************************************=15======================================.=16======....*=20===========================.=19======...**=18===========================.=17======

Sorted Workfaces: 1 2 3 6 5 4 9 8 7 12 10 11 13 14 15 16 20 19 18 17 
                  1 2 3 6 5 4 9 8 7 11 10 12 13 14 15 16 20 19 18 17
Machine 0 =01===========.=02============.=03=============.....=06============.=05=============....=04===========....=09============.=08============..=07=============...=12=============..=10===================================.=11=============....=13========================================.=14=============..........=15==================================================================.=16=============....=20============================.=19============...=18=====================================================================================.=17=============
Machine 1               =01=========.***=02========.*****=03=========...*****=06=========.****=05=========...***=04=========...****=09=========.***=08=========..****=07=========..*****=12=========.***************************=10==================================.=11=========..************=13=================================.=14=========.......****************************************=15==========================================.=16=========...=20====================================.=19=========..********************************************=18======================================================.=17=========
Machine 2                           =01=========.**=02=========.*****=03========....*****=06=========.****=05=========....**=04========...*****=09=========.***=08========..*****=07=========...****=12=========..***************************************************=10======================.=11========...***********************=13========================.=14=========.........********************************************************=15=====================================================.=16=========...=20==============================================.=19=========..***********************************=18==============================================.=17=========
Machine 3                                       =01=========.**=02=========.****=03=========...******=06=========.****=05=========...**=04=========...*****=09=========.**=08=========..*****=07=========..*****=12=========.*****************************************************************=10=============================.=11=========..******************=13==============================.=14=========.......*********************************************************************************=15==========================================================.=16=========...=20===================================================.=19=========..******************=18=============================================.=17=========
Machine 4                                                   =01================.=02================.=03================....=06================.=05================....=04================...=09================.=08================..=07================...=12================..**********************************************=10==================================================================.=11================...=13=================================================================.=14================.........***************************************=15======================================================================.=16================...=20==============================.=19================..=18====================.=17================
Machine 5                                                                      =01======.**********=02======.**********=03======.....*********=06======.**********=05======....**********=04=======....********=09======.**********=08======..**********=07======...**********=12======..**********************************************************************************************************=10============.****=11======....**********************************************************=13============.****=14======..........******************************************************************************************************=15======================================.=16======....*=20===========================.=19======...**=18===========================.=17======

Sorted Workfaces: 1 2 3 5 6 7 4 8 9 12 10 11 13 14 15 16 20 18 17 19 
                  1 2 3 5 6 7 4 8 9 11 10 12 13 14 15 16 20 17 18 19
Machine 0 =01===========.=02============.=03=============.....=05=============.=06============..=07=============..=04===========...=08============.=09============...=12=============..=10===================================.=11=============....=13========================================.=14=============..........=15==================================================================.=16=============....=20============================...=18=====================================================================================.=17=============..=19============
Machine 1               =01=========.***=02========.*****=03=========...******=05=========.***=06=========..****=07=========..**=04=========..****=08=========.***=09=========..*****=12=========.***************************=10==================================.=11=========..************=13=================================.=14=========.......****************************************=15==========================================.=16=========...=20====================================..*****************************************=18======================================================.=17=========..=19=========
Machine 2                           =01=========.**=02=========.*****=03========....******=05=========.***=06=========..****=07=========..**=04========...****=08========.****=09=========...****=12=========..***************************************************=10======================.=11========...***********************=13========================.=14=========.........********************************************************=15=====================================================.=16=========...=20==============================================..********************************=18==============================================.=17=========..=19=========
Machine 3                                       =01=========.**=02=========.****=03=========...*******=05=========.***=06=========..****=07=========..*=04=========..****=08=========.****=09=========..*****=12=========.*****************************************************************=10=============================.=11=========..******************=13==============================.=14=========.......*********************************************************************************=15==========================================================.=16=========...=20===================================================..***************=18=============================================.=17=========..=19=========
Machine 4                                                   =01================.=02================.=03================....=05================.=06================..=07================..=04================...=08================.=09================...=12================..*********************************************=10==================================================================.=11================...=13=================================================================.=14================.........***************************************=15======================================================================.=16================...=20==============================..****=18====================.=17================..=19================
Machine 5                                                                      =01======.**********=02======.**********=03======.....*********=05======.**********=06======..**********=07======..**********=04=======...*********=08======.**********=09======...**********=12======..*********************************************************************************************************=10============.****=11======....**********************************************************=13============.****=14======..........******************************************************************************************************=15======================================.=16======....*=20===========================...=18===========================.=17======..=19======




===============sortWorkfaces_new============================================================
673.8019829632732
673.8019829632732
677.8019829632732
676.8876972489875

Sorted Workfaces: 1 2 3 4 6 5 7 8 9 10 11 12 13 14 15 16 20 19 18 17 
Machine 0 =01===========.=02============.=03=============...=04===========....=06============.=05=============...=07=============..=08============.=09============....=10===================================.=11=============.=12=============...=13========================================.=14=============..........=15==================================================================.=16=============....=20============================.=19============...=18=====================================================================================.=17=============
Machine 1               =01=========.***=02========.*****=03=========..***=04=========...****=06=========.****=05=========..*****=07=========..***=08=========.***=09=========...***************************=10==================================.=11=========.=12=========..***************=13=================================.=14=========.......****************************************=15==========================================.=16=========...=20====================================.=19=========..********************************************=18======================================================.=17=========
Machine 2                           =01=========.**=02=========.*****=03========..****=04========....****=06=========.****=05=========..*****=07=========..***=08========.****=09=========....***************************************************=10======================.=11========.=12=========...**************************=13========================.=14=========.........********************************************************=15=====================================================.=16=========...=20==============================================.=19=========..***********************************=18==============================================.=17=========
Machine 3                                       =01=========.**=02=========.****=03=========..***=04=========...*****=06=========.****=05=========..*****=07=========..**=08=========.****=09=========...*****************************************************************=10=============================.=11=========.=12=========..*********************=13==============================.=14=========.......*********************************************************************************=15==========================================================.=16=========...=20===================================================.=19=========..******************=18=============================================.=17=========
Machine 4                                                   =01================.=02================.=03================..=04================....=06================.=05================..=07================..=08================.=09================....*************************************************=10==================================================================.=11================.=12================...=13=================================================================.=14================.........***********************************=15======================================================================.=16================...=20==============================.=19================..=18====================.=17================
Machine 5                                                                      =01======.**********=02======.**********=03======...*********=04=======....*********=06======.**********=05======...*********=07======..**********=08======.**********=09======....*************************************************************************************************************=10============.****=11======.**********=12======...***********************************************************=13============.****=14======..........**************************************************************************************************=15======================================.=16======....*=20===========================.=19======...**=18===========================.=17======
Sorted Workfaces: 1 2 3 4 6 5 7 8 9 10 11 12 13 14 15 16 20 19 18 17 
Machine 0 =01===========.=02============.=03=============...=04===========....=06============.=05=============...=07=============..=08============.=09============....=10===================================.=11=============.=12=============...=13========================================.=14=============..........=15==================================================================.=16=============....=20============================.=19============...=18=====================================================================================.=17=============
Machine 1               =01=========.***=02========.*****=03=========..***=04=========...****=06=========.****=05=========..*****=07=========..***=08=========.***=09=========...***************************=10==================================.=11=========.=12=========..***************=13=================================.=14=========.......****************************************=15==========================================.=16=========...=20====================================.=19=========..********************************************=18======================================================.=17=========
Machine 2                           =01=========.**=02=========.*****=03========..****=04========....****=06=========.****=05=========..*****=07=========..***=08========.****=09=========....***************************************************=10======================.=11========.=12=========...**************************=13========================.=14=========.........********************************************************=15=====================================================.=16=========...=20==============================================.=19=========..***********************************=18==============================================.=17=========
Machine 3                                       =01=========.**=02=========.****=03=========..***=04=========...*****=06=========.****=05=========..*****=07=========..**=08=========.****=09=========...*****************************************************************=10=============================.=11=========.=12=========..*********************=13==============================.=14=========.......*********************************************************************************=15==========================================================.=16=========...=20===================================================.=19=========..******************=18=============================================.=17=========
Machine 4                                                   =01================.=02================.=03================..=04================....=06================.=05================..=07================..=08================.=09================....*************************************************=10==================================================================.=11================.=12================...=13=================================================================.=14================.........***********************************=15======================================================================.=16================...=20==============================.=19================..=18====================.=17================
Machine 5                                                                      =01======.**********=02======.**********=03======...*********=04=======....*********=06======.**********=05======...*********=07======..**********=08======.**********=09======....*************************************************************************************************************=10============.****=11======.**********=12======...***********************************************************=13============.****=14======..........**************************************************************************************************=15======================================.=16======....*=20===========================.=19======...**=18===========================.=17======
Sorted Workfaces: 1 2 3 6 5 4 9 8 7 11 10 12 13 14 15 16 20 19 18 17 
Machine 0 =01===========.=02============.=03=============.....=06============.=05=============....=04===========....=09============.=08============..=07=============....=11=============.=10===================================..=12=============...=13========================================.=14=============..........=15==================================================================.=16=============....=20============================.=19============...=18=====================================================================================.=17=============
Machine 1               =01=========.***=02========.*****=03=========...*****=06=========.****=05=========...***=04=========...****=09=========.***=08=========..****=07=========..******=11=========.**************************=10==================================.=12=========..************=13=================================.=14=========.......****************************************=15==========================================.=16=========...=20====================================.=19=========..********************************************=18======================================================.=17=========
Machine 2                           =01=========.**=02=========.*****=03========....*****=06=========.****=05=========....**=04========...*****=09=========.***=08========..*****=07=========...*****=11========.****************************************************=10======================..=12=========...*********************=13========================.=14=========.........********************************************************=15=====================================================.=16=========...=20==============================================.=19=========..***********************************=18==============================================.=17=========
Machine 3                                       =01=========.**=02=========.****=03=========...******=06=========.****=05=========...**=04=========...*****=09=========.**=08=========..*****=07=========..*****=11=========.*****************************************************************=10=============================.=12=========..******************=13==============================.=14=========.......*********************************************************************************=15==========================================================.=16=========...=20===================================================.=19=========..******************=18=============================================.=17=========
Machine 4                                                   =01================.=02================.=03================....=06================.=05================....=04================...=09================.=08================..=07================...=11================.***********************************************=10==================================================================..=12================...=13=================================================================.=14================.........**************************************=15======================================================================.=16================...=20==============================.=19================..=18====================.=17================
Machine 5                                                                      =01======.**********=02======.**********=03======.....*********=06======.**********=05======....**********=04=======....********=09======.**********=08======..**********=07======....*********=11======.***********************************************************************************************************=10============..****=12======...***********************************************************=13============.****=14======..........*****************************************************************************************************=15======================================.=16======....*=20===========================.=19======...**=18===========================.=17======
Sorted Workfaces: 1 2 3 5 6 7 4 8 9 11 10 12 13 14 15 16 20 17 18 19 
Machine 0 =01===========.=02============.=03=============.....=05=============.=06============..=07=============..=04===========...=08============.=09============....=11=============.=10===================================..=12=============...=13========================================.=14=============..........=15==================================================================.=16=============....=20============================..=17=============.=18=====================================================================================...=19============
Machine 1               =01=========.***=02========.*****=03=========...******=05=========.***=06=========..****=07=========..**=04=========..****=08=========.***=09=========..******=11=========.**************************=10==================================.=12=========..************=13=================================.=14=========.......****************************************=15==========================================.=16=========...=20====================================..=17=========.********************************************=18======================================================..=19=========
Machine 2                           =01=========.**=02=========.*****=03========....******=05=========.***=06=========..****=07=========..**=04========...****=08========.****=09=========...*****=11========.****************************************************=10======================..=12=========...*********************=13========================.=14=========.........********************************************************=15=====================================================.=16=========...=20==============================================..=17=========.***********************************=18==============================================..=19=========
Machine 3                                       =01=========.**=02=========.****=03=========...*******=05=========.***=06=========..****=07=========..*=04=========..****=08=========.****=09=========..*****=11=========.*****************************************************************=10=============================.=12=========..******************=13==============================.=14=========.......*********************************************************************************=15==========================================================.=16=========...=20===================================================..=17=========.******************=18=============================================..=19=========
Machine 4                                                   =01================.=02================.=03================....=05================.=06================..=07================..=04================...=08================.=09================...=11================.**********************************************=10==================================================================..=12================...=13=================================================================.=14================.........**************************************=15======================================================================.=16================...=20==============================..=17================.=18====================..=19================
Machine 5                                                                      =01======.**********=02======.**********=03======.....*********=05======.**********=06======..**********=07======..**********=04=======...*********=08======.**********=09======....*********=11======.**********************************************************************************************************=10============..****=12======...***********************************************************=13============.****=14======..........*****************************************************************************************************=15======================================.=16======....*=20===========================..=17======.***=18===========================...=19======





